1700219669
1700224105
1700234122
1700277844
1700281783
1700290266
1700310017
1700403364
1700449050
1700466815
1700467252
1700492862
1700540335
1700576106
1700648469
1700663790
1700706618
1700706632
1700719367
1700735486
1700760087
1700760691
1700787110
1700793377
1700800167
1700811412
1700811429
1700822843
1700833676
1700837825
1700837890
1700843769
1700902909
1700917948
1700926084
1700930204
1700965037
1701009034
1701271832
1701272576
1701311489
1701313069
1701313219
1701351094
1701942509
1701951120
1701952257
1701967196
1702007366
1702009353
1702086614
1702111667
1702124552
1702130406
1702186252
1702187427
1702193312
1702194283
1702210288
1702216494
1702221130
1702223759
1702223780
1702260174
1702260432
1702273913
1702278920
1702549397
1702565277
1702968166
1703397839
1703840687
